Node_ID,Load_Combination,u1,u2,u3,r1,r2,r3
P001115,1.2D+1.6L,0,0,0,0,0,0
P001116,1.2D+1.6L,0,0,0,0,0,0
P001117,1.2D+1.6L,0,0,0,0,0,0
P001118,1.2D+1.6L,0,0,0,0,0,0
P001119,1.2D+1.6L,0,0,0,0,0,0
P001120,1.2D+1.6L,0,0,0,0,0,0
P001121,1.2D+1.6L,0,0,0,0,0,0
P001122,1.2D+1.6L,0,0,0,0,0,0
P001123,1.2D+1.6L,0,0,0,0,0,0
P001124,1.2D+1.6L,0,0,0,0,0,0
P001217,1.2D+1.6L,0,0,0,0,0,0
P001218,1.2D+1.6L,0,0,0,0,0,0
P001219,1.2D+1.6L,0,0,0,0,0,0
P001220,1.2D+1.6L,0,0,0,0,0,0
P001221,1.2D+1.6L,0,0,0,0,0,0
P001222,1.2D+1.6L,0,0,0,0,0,0
P001223,1.2D+1.6L,0,0,0,0,0,0
P001224,1.2D+1.6L,0,0,0,0,0,0
P001225,1.2D+1.6L,0,0,0,0,0,0
P001319,1.2D+1.6L,0,0,0,0,0,0
P001320,1.2D+1.6L,0,0,0,0,0,0
P001321,1.2D+1.6L,0,0,0,0,0,0
P001322,1.2D+1.6L,0,0,0,0,0,0
P001323,1.2D+1.6L,0,0,0,0,0,0
P001324,1.2D+1.6L,0,0,0,0,0,0
P011115,1.2D+1.6L,-0.0172106337151984,0.0331531720175939,0.0704798651594211,-3.05198281632513E-05,-4.88839507381473E-05,-2.45859388426121E-05
P011116,1.2D+1.6L,-0.012218686909201,0.0872255337418685,0.0479937806734387,-6.56307632262024E-05,-1.68252625846332E-05,-3.727033359064E-05
P011117,1.2D+1.6L,-0.00888228860362478,0.119332308379726,-0.00946307751950458,-8.46885298538018E-05,-1.41929436263765E-05,6.96431879422963E-05
P011118,1.2D+1.6L,-0.0460444824188377,0.0298394950624381,-0.0027239647818237,-6.59346938849482E-05,-3.15266099128677E-05,-0.000262996205815774
P011119,1.2D+1.6L,-0.052854579757846,0.0537819950398133,0.0147317223748394,-8.31622899084739E-05,-3.22113384421305E-05,-0.000289537364763006
P011120,1.2D+1.6L,-0.00435509678666286,0.0512701653526032,0.0406224372144312,-6.78397152811308E-05,-1.23671477793845E-05,-0.000501215481087914
P011121,1.2D+1.6L,0.00884237826774986,0.0796444534315796,0.030024542841682,-8.5775743992939E-05,2.54342136572361E-05,9.67087643319645E-05
P011122,1.2D+1.6L,0.00613589580313122,0.121344017050084,0.0364611433085694,-4.5479020491626E-05,8.8986102806008E-07,3.6545262706333E-05
P011123,1.2D+1.6L,0.00109702090308571,0.0510401113745351,0.0524615189002018,-8.64716588870239E-05,-2.00718747855322E-05,-0.000193824276023767
P011124,1.2D+1.6L,0.011749359464608,-0.0125455731538804,0.0990180182112857,9.55966305144542E-05,7.60714285669114E-05,-7.71053459190415E-06
P011217,1.2D+1.6L,-0.0517833541135899,0.121935403005074,0.143861606761148,-0.000129104398498728,-1.27324273573806E-05,-0.000343564476840739
P011218,1.2D+1.6L,-0.0331746413456825,0.160845515522439,0.320013153648985,-0.000117799264375415,2.72775585319317E-05,0.00222181388477583
P011219,1.2D+1.6L,-0.00854916893096679,0.0708238232697638,0.275582243172942,-1.54110400009568E-05,-1.92599879016863E-05,0.0010773449873577
P011220,1.2D+1.6L,0.00570438696839472,0.0699972367165776,0.255606441258677,-6.76692191590853E-06,-2.88197247109414E-05,0.00171134327361648
P011221,1.2D+1.6L,0.00907379720945127,0.111685375154205,0.114667892424155,-7.22461275971629E-05,-1.07977379061294E-06,-0.000697481068817718
P011222,1.2D+1.6L,-0.0225260180238122,0.131376796559248,0.14314116327542,-0.000111323770991158,4.6503751930732E-05,-0.000165797194509675
P011223,1.2D+1.6L,-0.00421796039094435,0.0583214891579174,0.343024005653703,-0.000207525086246968,-6.35790268680881E-05,0.00111152681865251
P011224,1.2D+1.6L,0.0300761052595841,-0.0110903167001929,0.0224780118893808,-1.27197234404737E-05,-8.2543685406383E-05,0.000119626564616624
P011225,1.2D+1.6L,0.0750787172685703,-0.0747063485452122,0.0524215468995523,-0.000114587952397696,0.00123687566972586,0.000452310264520526
P011319,1.2D+1.6L,0.0100112334967013,0.100643147752256,0.0524509635115528,-9.42202149948844E-06,8.50584458907031E-06,-0.000389309132737657
P011320,1.2D+1.6L,-0.0461508256934798,0.105463296573467,0.0719301506391169,7.72089684145677E-06,3.59589064991677E-05,-0.000784856148643449
P011321,1.2D+1.6L,-0.0353049486042529,0.132876121579516,0.343545840167089,-0.000154750224278975,6.53531988572508E-05,0.00214614595613302
P011322,1.2D+1.6L,-0.0141996476655691,0.169460949996796,0.465754797660058,-0.000203092823375892,0.000134828167011716,0.000103945614106749
P011323,1.2D+1.6L,0.0547409669939602,0.112671796112493,0.993064572879155,-0.000268954123930845,-0.000103792553755898,0.00903746410819032
P011324,1.2D+1.6L,0.133160460835309,-0.0163714718085536,0.129376337912811,-5.25891461221077E-05,-0.000270445042335533,-0.00232429409170296
P021115,1.2D+1.6L,-0.0657955154158949,0.116509054080744,0.14592615056722,-4.58230055893967E-05,-3.92156143572204E-05,-5.75541315938101E-05
P021116,1.2D+1.6L,-0.0698414507858577,0.281664547407194,0.112184759492849,-0.000111842611202148,-4.4050039532003E-05,-8.65938870821902E-05
P021117,1.2D+1.6L,-0.0712324102662649,0.376723406167633,-0.0136840989380901,-0.000142451637688714,-4.53288430660011E-05,8.54337657355453E-05
P021118,1.2D+1.6L,-0.0808042940813165,0.421942870576513,-0.0129652783277323,-0.000219956644219401,1.17133794437813E-05,-0.000763513531898116
P021119,1.2D+1.6L,-0.083446786152101,0.255200726797706,0.0226683618412253,-0.000143155564523489,2.01723914164832E-07,-0.000553283136923981
P021120,1.2D+1.6L,-0.0223571447583498,0.229402900548277,0.0968579519469654,-9.71680143479682E-05,4.13623691853552E-06,-0.00086048563389963
P021121,1.2D+1.6L,0.0746513060273908,0.335716253199907,0.0794549920654347,-3.80815238929618E-05,1.37864506871896E-05,0.000213197477577521
P021122,1.2D+1.6L,0.0130610455033068,0.423074534449756,0.105953046288001,-1.96009638132559E-05,4.21298983016175E-05,4.96049819603846E-05
P021123,1.2D+1.6L,0.0435984782697172,0.486995565968673,0.126761700428011,-0.000149095739703843,5.694715574275E-05,-0.000325316827371042
P021218,1.2D+1.6L,0.00266775199689162,0.42808024870105,0.543374360721066,-0.000314931824527136,-7.5584604589249E-05,0.00219269818656788
P021219,1.2D+1.6L,0.00453521617841297,0.250876815762741,0.458464241748023,-0.000270702735694668,-1.84621253785526E-05,0.00149389176074234
P021220,1.2D+1.6L,-0.00505929076763182,0.223797177987563,0.432309446304645,-0.000217347270816907,-7.02542579386755E-05,0.00280581136619693
P021221,1.2D+1.6L,-0.0249246248378689,0.339374974557666,0.214030939749426,-0.000127835871010315,-8.14229707306666E-05,-0.00090881785592626
P021222,1.2D+1.6L,0.0760424301226761,0.444063991799122,0.249151110155459,-0.000166136174211535,6.1121665708315E-05,-1.4669792159443E-05
P021223,1.2D+1.6L,-0.11241275223164,0.493672074996379,0.555434571180733,-0.000330708759824245,6.96035892598062E-05,0.00048203877199265
P021321,1.2D+1.6L,0.0704910279774541,0.351951179734487,0.56699287872939,-0.000220528061926676,-7.33101999108381E-06,0.00230211907785077
P021322,1.2D+1.6L,0.0652411924402273,0.471643163848586,0.741217818477334,-0.000297342347018643,0.000216210914173691,0.000132416630062359
P021323,1.2D+1.6L,0.057169293327082,0.531251902009245,1.55873308528369,-0.000528083443722004,0.000308566534887775,0.0184478721719221
P031119,1.2D+1.6L,-0.0168237517008808,0.677286518675789,0.027373998767834,-0.000209580631826261,8.03012392595256E-05,-0.00040056009529692
P031120,1.2D+1.6L,0.0135805311655628,0.48448668812085,0.170296216332118,-0.000115878456506706,3.58841799092896E-05,-0.000738620896471803
P031121,1.2D+1.6L,-0.00161503534385341,0.399397682080323,0.154041925174171,1.09663766038277E-07,-7.97233443851498E-05,0.000204949816101065
X00111502,1.2D+1.6L,-0.00100210126893218,0.0163268182586778,0.0258140785580627,-2.99373563162468E-05,-2.55243133179293E-06,-8.07485059645702E-06
X00111606,1.2D+1.6L,0.00933547991911942,0.0468130008277803,0.00653645889091291,-7.03024200096329E-05,-1.35030259908368E-05,-9.35928058266853E-06
X00111610,1.2D+1.6L,0,0,-0.812593084196778,-9.02247113486004E-09,7.07389013169592E-09,0
X00111715,1.2D+1.6L,0.0404492005797296,0.0248739416809684,0.0305333058716892,-4.99936941905503E-05,4.32677983091486E-05,3.61903827217318E-06
X00111717,1.2D+1.6L,-0.0122246264483056,-0.0233762216792928,0.00553836500052236,1.04412733761707E-05,-2.29767813574734E-06,3.72991586201655E-05
X00111721,1.2D+1.6L,0,0,-0.81259308420925,-5.08953894275735E-09,5.08953704742606E-09,0
X00111826,1.2D+1.6L,-0.326332885919481,-0.0490566300928354,0.0449987415366671,-5.39057019245064E-05,-0.00038551772696679,-0.000128464337413012
X00111828,1.2D+1.6L,-0.0278873753646767,-0.00163728691409376,0.00254037866882438,-1.38354839397457E-05,-8.18443822169285E-06,3.03459145925883E-05
X00111832,1.2D+1.6L,0,0,-0.812593508775075,4.50171853932449E-14,5.08954453780697E-09,0
X00111939,1.2D+1.6L,-0.176647210440477,-0.0424841645043695,0.0670859509477062,-4.8977715224739E-05,-0.000215196963908902,-3.77544925091886E-05
X00111941,1.2D+1.6L,-0.0183544518452164,-0.0196165412321841,-6.0223585866769E-05,6.61071738573443E-06,8.9124422332178E-08,4.99828430082751E-05
X00111945,1.2D+1.6L,0,0,-0.81259308420925,5.08953704739739E-09,5.08953894272867E-09,0
X00112052,1.2D+1.6L,-0.268246906995526,-0.0374781026602223,0.0676956049582107,-3.67887947441367E-05,-0.000318201276373366,-7.13796977569672E-05
X00112054,1.2D+1.6L,0.000844856398773104,0.0884101920789583,0.0121475827940295,-0.000117557426008948,-8.65607709628346E-06,1.95918119482725E-05
X00112058,1.2D+1.6L,0,0,-0.812593084209252,5.08953704469516E-09,-5.08953704739599E-09,0
X00112165,1.2D+1.6L,0.10059399791091,0.0316832883257281,0.0263531933659039,-3.82883923666817E-05,0.000119929981980051,4.31079326032173E-05
X00112167,1.2D+1.6L,0.00337194151392486,0.0264992350274936,0.0149137856129039,-4.58075237031675E-05,-5.53617345703118E-07,-2.73289132468828E-05
X00112171,1.2D+1.6L,0,0,-0.812593084209251,-5.08953894249166E-09,-5.08953704649809E-09,0
X00112278,1.2D+1.6L,0.0155311041723404,0.0375190847733929,0.0401641182499265,-4.94423727679965E-05,2.22127425725206E-05,-7.63129246454061E-06
X00112280,1.2D+1.6L,0.000199082186621534,-0.0023898994906547,0.0225638471145605,-1.24413888729127E-05,6.92686243403336E-06,3.81648638368826E-05
X00112284,1.2D+1.6L,0,0,-0.812593084210045,-5.08953838614632E-09,-5.08953783285527E-09,0
X00112391,1.2D+1.6L,-0.151633555791758,-0.0532251494613264,0.0951080860564908,-2.80921004593149E-05,-0.000185706603477325,-5.50848937954865E-05
X00112393,1.2D+1.6L,-0.00969733455265004,0.0337507202968107,0.0341768145650117,-3.97981848462587E-05,2.50990399512808E-06,5.9857462081521E-06
X00112397,1.2D+1.6L,0,0,-0.812593508777377,-4.55736049727092E-14,-5.08954469996934E-09,0
X001124103,1.2D+1.6L,-0.00515736961678332,0.0124139501320861,0.0283723849887898,9.14463603048E-06,-4.55516940613309E-06,2.07232993418797E-05
X001124107,1.2D+1.6L,0,0,-0.81258540738932,-2.47423687415881E-10,-9.26990049619679E-09,0
X001217113,1.2D+1.6L,-0.0803120832139677,0.3581876988107,0.108969454524489,-0.000446376154191611,-6.91293757669893E-06,-0.000134423308234956
X001218119,1.2D+1.6L,0.0089873829888237,-0.100918741530925,0.142109594306324,0.00010168030345665,-1.04183898982894E-05,-0.000197615360274148
X001218125,1.2D+1.6L,0,0,-0.812593084329885,9.51742518338193E-09,1.14660104562696E-08,0
X001219130,1.2D+1.6L,0.181555691932934,0.108087747471884,0.0729792255527085,1.55304712736916E-06,0.000216810890234127,-4.18306102617199E-05
X001219132,1.2D+1.6L,0.000306529853230815,0.111245989326959,0.12741494647046,-0.000134497083075356,-4.09751064352955E-06,-0.000179714493557707
X001219138,1.2D+1.6L,0,0,-0.812589245754215,2.98865547495675E-09,-9.31312131142154E-09,0
X001220143,1.2D+1.6L,0.29804586103486,0.105892634149412,0.0705327962599946,-1.73749239443786E-05,0.000351064658053093,-8.44313680620229E-05
X001220145,1.2D+1.6L,0.0551034539720249,-0.263674361232744,0.0893307989202263,0.000298065010586768,-3.05607099840536E-06,-6.88475556836002E-05
X001220151,1.2D+1.6L,0,0,-0.812593084210761,5.08953799292942E-09,-5.089537048318E-09,0
X001221158,1.2D+1.6L,-0.368266337635814,-0.0150470298029644,0.106828076698164,-3.89185499682066E-05,-0.000423816201424139,-0.000116818550068827
X001221160,1.2D+1.6L,-0.0127738809319051,0.104333741506958,0.0702074129677589,-0.000141643654032229,-9.07904040799159E-06,5.40176278176407E-05
X001221166,1.2D+1.6L,0,0,-0.812593084210761,5.08953799292942E-09,-5.089537048318E-09,0
X001222173,1.2D+1.6L,-0.063608511098735,-0.00831012662520135,0.140976373432727,-7.59535299553149E-05,-6.24121068659476E-05,-6.26934173688747E-06
X001222175,1.2D+1.6L,-0.0627554823373155,0.16466192697652,0.116119376682826,-0.000226066141518509,2.25494023634723E-05,-2.27337405811994E-05
X001222181,1.2D+1.6L,0,0,-0.812589245754215,-9.31311918469954E-09,-2.9886541318804E-09,0
X001223188,1.2D+1.6L,-0.950509395489288,-0.17023287999446,0.319390457160119,-3.40615295194384E-05,-0.00112417404832374,-0.000626803522503504
X001223190,1.2D+1.6L,0.0943260299015126,-0.136232943695622,0.081902383207463,0.000145756233976101,-3.04069353342555E-05,-8.47441682885591E-05
X001223196,1.2D+1.6L,0,0,-0.8125896703828,-2.98870022874889E-09,4.22360116790549E-09,0
X001224203,1.2D+1.6L,0.390846564281142,-0.0152435652286643,0.0387653012312096,-2.52147811508348E-05,0.00042661866052239,0.000200686895341376
X001224205,1.2D+1.6L,0.0167623817090219,0.0113250260380682,0.00612502682933987,-8.96990003404298E-06,-0.000120763253021078,-1.12819940331509E-05
X001225216,1.2D+1.6L,0,0,-0.812585407390909,9.26989876875073E-09,-2.47423641915539E-10,0
X001319220,1.2D+1.6L,-0.0113158310018527,0.00197445809264778,0.0431690085865366,-7.62227449999841E-06,-7.04744373479054E-06,7.02545031504198E-05
X001320226,1.2D+1.6L,-0.106288441642864,0.404023567446658,0.0989532117183655,-0.000492405776380961,-1.36414548644596E-06,-7.25250842188261E-05
X001321234,1.2D+1.6L,-0.0272275190732145,-0.224670404170922,0.194724392070974,0.000222806209600818,9.96880223617095E-07,-0.000149115163772141
X001322242,1.2D+1.6L,-0.176638622580142,1.1209627316373,0.346494699788637,-0.00135585275132533,3.12818609023338E-05,-0.000556575513084768
X001323250,1.2D+1.6L,0.338738849084195,-1.42487108464537,0.260966416130137,0.00164331497876609,4.80448244812396E-06,-0.000419245145141169
X011115263,1.2D+1.6L,-0.0377740448033405,0.11672077617169,0.0930924242651746,-6.91047900831298E-05,-1.4421487396061E-05,-5.0793257550392E-05
X011116267,1.2D+1.6L,-0.0246151549438454,0.238635765481064,0.0327677842029257,-0.00012456855441835,-4.65923491189842E-05,-4.01708205624721E-05
X011116271,1.2D+1.6L,0.04847549987697,0.0321189482502551,-0.734310679769647,-6.55502017930207E-05,-4.34285832956256E-05,6.70857954987863E-05
X011117276,1.2D+1.6L,-0.0411395567141949,0.0632391231692515,-0.0201966936176998,-9.70711714700159E-05,-8.96452820659388E-06,8.24345617526715E-05
X011117280,1.2D+1.6L,-0.00519323243778051,0.125772729922306,-0.713928669713634,-0.0001184875435308,5.13588990247085E-05,-0.000205120446035012
X011118285,1.2D+1.6L,-0.710297340586588,0.166565616219785,0.242062492783652,-0.000194948499858598,-6.54725835623558E-05,-0.000164203397083001
X011118287,1.2D+1.6L,-0.0701694954600128,0.186698026982608,0.00503813029150943,-0.000188693708724978,-3.23119463103035E-06,0.000151132750134022
X011118291,1.2D+1.6L,-0.0653203015610512,0.0832601076270558,-0.651788210594767,-0.000172964310067626,2.06640462581799E-06,-0.000317794423100444
X011119298,1.2D+1.6L,-0.465061286776271,0.0913507879618577,0.196891461484394,-0.000132627271219369,-0.000102140497218463,-6.61510296479374E-05
X011119300,1.2D+1.6L,-0.048839417036086,0.0712203979469907,0.0390364355171045,-8.1539639597227E-05,1.15853744421465E-05,0.000147894540062167
X011119304,1.2D+1.6L,-0.0147237330924578,0.0530835280156788,-0.651027041678731,-0.000142412648306164,-1.42277501038624E-06,-0.000237362720216032
X011120311,1.2D+1.6L,-0.737129047152853,0.0751696161151437,0.210641213342739,-0.000105270008255011,-0.000214475938138777,-0.000186765885457044
X011120313,1.2D+1.6L,0.00483208382222919,0.385089320156098,0.0379874119070612,-0.00018584544679338,-7.52485231090925E-06,1.61416687706526E-05
X011120317,1.2D+1.6L,0.0080000815860746,0.0755239017334836,-0.702058545762733,-7.73125133063471E-05,-5.84032080427164E-05,-8.65038962403474E-05
X011121324,1.2D+1.6L,0.268116907625298,0.21729454844067,0.113442707629625,-9.40338424838801E-05,6.22938320356745E-05,6.18007483874093E-05
X011121326,1.2D+1.6L,0.0216360378944094,0.221212646403404,0.0752000279305859,-0.000147519914790762,6.06139167514954E-06,-6.42215528620946E-05
X011121330,1.2D+1.6L,-0.00404921066012051,0.103419723155953,-0.74079267225425,-2.88009381792324E-05,-7.15111970930498E-06,7.4299843161908E-05
X011122337,1.2D+1.6L,0.0447046451745361,0.272226374019224,0.130239063850452,-0.000119544858794022,6.13605472394586E-06,2.05742565873948E-05
X011122339,1.2D+1.6L,0.0188973015492995,0.191248131820665,0.0679503246356162,-0.000191034714801131,1.46980355242084E-06,4.27564259343602E-05
X011122343,1.2D+1.6L,-0.00649739632581526,0.0965210944891695,-0.676676678635675,-0.000111264700122276,5.42210358822197E-05,-7.75490065819557E-05
X011123350,1.2D+1.6L,-0.307466741835883,0.222790162138522,0.265672481815457,-0.000205217745187016,4.9861703540753E-05,-0.000127953420859727
X011123354,1.2D+1.6L,0.00722030153705864,0.0268947724095086,-0.720470186057057,-6.58781738789573E-05,-8.36161036778065E-05,-0.00010054219370584
X011124359,1.2D+1.6L,0.433577421889974,0.27658606445944,-0.295441389198402,-0.000315284890425611,-3.90623547059356E-05,0.000127151981434398
X011124361,1.2D+1.6L,-0.0774493409183505,0.065199419365262,-1.06670161496712,0.000505967447478627,0.000192338802920195,-6.3897477766196E-05
X011217366,1.2D+1.6L,-0.447313747734739,0.840869693202763,-0.0498672740122411,-0.000871359734030368,0.000146872232285842,0.000286102068146383
X011217368,1.2D+1.6L,0.0326119098469791,0.656886888733306,-0.337908327574085,-8.07746182764576E-05,-0.000108866544788451,-4.64707183606314E-05
X011218372,1.2D+1.6L,0.0165254501342137,-0.05897247078097,0.404319411798011,-0.000157291012648577,-1.29212352950486E-05,-0.000356562028173007
X011218376,1.2D+1.6L,0.674442184133396,-0.486955325355309,-0.593444815501833,0.000107747134813464,-0.000136379886897152,-0.00041864355179096
X011219381,1.2D+1.6L,-0.00896083076423431,0.338325894220458,0.359946276799213,-0.000170013938434703,-1.29096876460772E-07,-0.0004523822156861
X011219387,1.2D+1.6L,-0.00538964628040237,0.0695378584864612,-0.647599909925927,0.000134393369021272,8.54227626122514E-06,-0.000208064495183584
X011220392,1.2D+1.6L,0.0573415197875836,-0.611289613243415,0.257126641043376,9.920584351179E-05,-4.69628882871212E-05,-0.000258624324240974
X011220398,1.2D+1.6L,-0.020511673436179,0.106630777790074,-0.632410855257892,-1.0640335541129E-07,2.17143579597632E-05,-0.000326398201645539
X011221405,1.2D+1.6L,-0.731204795115427,0.164368801895386,0.311887167618657,-0.000118675931509396,-2.99746240762349E-05,-0.000167066573883614
X011221407,1.2D+1.6L,-0.000810060437353767,0.420403332087059,0.144217433035644,-0.000191435959747957,1.30471214547138E-05,7.59891044614197E-05
X011221413,1.2D+1.6L,-0.013782779211904,0.149390130867495,-0.581742517708439,-0.000137459278578411,2.14342743148747E-05,-0.000189718711293557
X011222420,1.2D+1.6L,-0.0367925748891501,0.258472206289564,0.400278177166758,-0.000174516961075899,4.26443087063113E-05,-1.32468773791177E-05
X011222422,1.2D+1.6L,-0.0528337311829219,0.480962715885716,0.370769888322733,-7.39668066599609E-05,7.71212658808338E-05,-7.71639907050947E-05
X011222428,1.2D+1.6L,0.00368936236426794,0.133714896116789,-0.302682838538592,-0.000285366174326587,0.000213703452137618,-0.00121914031448038
X011223435,1.2D+1.6L,-3.29910411186584,0.0377939422497969,0.866269981228442,-0.000227133114994123,-0.00150610034078598,-0.001835037626521
X011223441,1.2D+1.6L,0.0361266574908089,0.0416909333946513,-0.428880958109353,-0.000204861802501139,-0.000349741839210679,-0.000921554101294382
X011224447,1.2D+1.6L,0.330815334738326,0.0925560619732651,-0.0756566437388685,3.51626654505576E-06,-0.000244522474880682,0.000138301889942345
X011225451,1.2D+1.6L,0.760989488647836,0.683991303027406,-1.10305400521565,-0.000414901650733778,0.000115244569912475,0.000510409718320177
X011319454,1.2D+1.6L,0.462335251868083,0.540644952020008,-0.0860347211323482,0.000143728803291275,0.000423473852976597,0.000139288737948235
X011320457,1.2D+1.6L,-0.422666195266804,0.920691003125043,-0.0794884233643716,-0.00069568328817004,0.000187912909710944,0.000179254718228138
X011320459,1.2D+1.6L,0.875623324545338,0.5606095546989,-0.0970750781808079,0.000103607628532473,0.000778507599309852,0.000226830283702399
X011321463,1.2D+1.6L,0.0372054368943378,-0.265114939018707,0.532926933917775,-8.91631776334046E-05,3.4031054732156E-05,-0.000346567838159308
X011322469,1.2D+1.6L,-0.207837324485779,3.67851728380923,0.955546556810872,-0.00151136804708645,0.000117720489865991,-0.00175823511542641
X011324481,1.2D+1.6L,0.627448426998553,-5.02460445739022,0.58801372306186,0.00578450921558909,-0.000267952994855469,0.002010296095091
X021117486,1.2D+1.6L,-0.587957887478199,0.900934811736802,-0.585906338792563,-0.000303829570176738,7.19630459793693E-06,-0.000557230158281976
X021118490,1.2D+1.6L,-0.475988546715782,0.621581377738265,-0.416541873304822,0.000287522533681535,3.06313708107516E-05,-8.12385574218302E-05
X021118492,1.2D+1.6L,-0.0433856937592824,0.339657800270855,-0.593080293309946,-0.000239195991210675,-3.01541134610882E-05,-0.00019905713855214
X021119497,1.2D+1.6L,-0.0396765499754296,0.320266743038496,0.0872900600769285,-0.00017271433668399,3.88166795178947E-05,0.000227450382315638
X021119499,1.2D+1.6L,-0.0266917696064261,0.222451489165147,-0.5849273042199,-0.000204159896915176,8.02965369712004E-06,-0.000329852697052739
X021120506,1.2D+1.6L,0.00249572253446248,0.616037321810378,0.153797293961342,-6.50753986558219E-05,-1.25590983763876E-05,6.32165918753188E-05
X021120510,1.2D+1.6L,0.0102410277081464,0.252535146982008,-0.633083592417585,-0.000116217473737949,-6.90264464300865E-05,-0.00021199674799371
X021121519,1.2D+1.6L,0.0350939665128193,0.426558637003818,-0.701901086449742,-4.82796220920641E-05,6.02081652382359E-06,4.02334442632597E-05
X021122525,1.2D+1.6L,0.4434963532029,0.398655418883915,-0.307441440468528,0.00010190946358419,-9.54558131239586E-06,1.5301706956775E-05
X021122527,1.2D+1.6L,0.00701874658755738,0.407276956422082,-0.598855071687582,-0.00014247326985126,7.33181538636484E-05,-6.38197718121376E-05
X021219536,1.2D+1.6L,-0.525043066168744,0.859852272824451,-0.180389577639794,-0.000224446599937901,0.000409730018637924,0.000169185086958348
X021220539,1.2D+1.6L,-0.9284102541054,0.738410280196078,-0.132174028399376,-0.000152824778247614,0.00077759224088787,0.000240617637106875
X021220541,1.2D+1.6L,0.165075598447047,0.168696213481469,-0.328663590020392,-0.000119658951127938,-0.000128182869308615,-0.00128951716629076
X021221545,1.2D+1.6L,0.243127788557085,0.821222111072132,-0.254685499124811,3.74177339947615E-06,-0.000273336002783292,-0.000155886584367084
X021221547,1.2D+1.6L,0.052270405707939,0.375388702820557,-0.442646962365089,-0.000204203185945319,3.53544910972245E-05,-0.000213230443417474
X021222551,1.2D+1.6L,0.0138742051478678,0.535228578389209,-0.0900655369141841,-0.000389708386615947,0.000277672811593689,-0.00236710252644654
