member_ID,cost, material_cost, erection_cost, connection1_cost, connection2_cost, basePlate_cost
BE0001,1359.3388133979, 626.702708107087, 586.8, 145.836105290817, 0, 0
BE0002,941.803555673039, 263.478616020997, 586.8, 91.5249396520412, 0, 0
BE0003,858.807791626424, 180.482851974383, 586.8, 91.5249396520412, 0, 0
BE0004,849.446261759741, 180.482851974383, 586.8, 82.1634097853575, 0, 0
BE0005,995.426882860072, 299.236428195276, 586.8, 109.390454664796, 0, 0
BE0006,1322.89316277188, 626.702708107087, 586.8, 109.390454664796, 0, 0
BE0007,986.136815053439, 299.236428195276, 586.8, 100.100386858164, 0, 0
BE0008,858.807791626424, 180.482851974383, 586.8, 91.5249396520412, 0, 0
BE0009,959.669070685794, 263.478616020997, 586.8, 109.390454664796, 0, 0
BE0010,1031.87253348609, 299.236428195276, 586.8, 145.836105290817, 0, 0
BE0011,849.446261759741, 180.482851974383, 586.8, 82.1634097853575, 0, 0
BE0012,1395.84962273999, 626.702708107087, 586.8, 182.346914632901, 0, 0
BE0013,1355.23961118419, 626.702708107087, 586.8, 141.736903077102, 0, 0
BE0014,937.653706073039, 263.478616020997, 586.8, 87.3750900520412, 0, 0
BE0015,854.657942026424, 180.482851974383, 586.8, 87.3750900520412, 0, 0
BE0016,845.296412159741, 180.482851974383, 586.8, 78.0135601853575, 0, 0
BE0017,991.277033260072, 299.236428195276, 586.8, 105.240605064796, 0, 0
BE0018,1318.74331317188, 626.702708107087, 586.8, 105.240605064796, 0, 0
BE0019,981.986965453439, 299.236428195276, 586.8, 95.9505372581637, 0, 0
BE0020,854.657942026424, 180.482851974383, 586.8, 87.3750900520412, 0, 0
BE0021,955.519221085794, 263.478616020997, 586.8, 105.240605064796, 0, 0
BE0022,1027.77333127238, 299.236428195276, 586.8, 141.736903077102, 0, 0
BE0023,845.296412159741, 180.482851974383, 586.8, 78.0135601853575, 0, 0
BE0024,1291.51626829244, 626.702708107087, 586.8, 78.0135601853575, 0, 0
BE0025,811.78522568457, 146.971665499213, 586.8, 78.0135601853575, 0, 0
BE0026,1242.50932246285, 532.603202385302, 586.8, 123.106120077552, 0, 0
BE0027,1107.84053758954, 406.50986471811, 586.8, 114.530672871429, 0, 0
BE0028,1000.5671010667, 299.236428195276, 586.8, 114.530672871429, 0, 0
BE0029,1000.5671010667, 299.236428195276, 586.8, 114.530672871429, 0, 0
BE0030,1044.92714259587, 370.752052543832, 586.8, 87.3750900520412, 0, 0
BE0031,928.292176206355, 263.478616020997, 586.8, 78.0135601853575, 0, 0
BE0032,863.233389232547, 180.482851974383, 586.8, 95.9505372581637, 0, 0
BE0033,1080.65817262138, 370.752052543832, 586.8, 123.106120077552, 0, 0
BE0034,854.657942026424, 180.482851974383, 586.8, 87.3750900520412, 0, 0
BE0035,845.296412159741, 180.482851974383, 586.8, 78.0135601853575, 0, 0
BE0036,1291.51626829244, 626.702708107087, 586.8, 78.0135601853575, 0, 0
BE0037,815.93507528457, 146.971665499213, 586.8, 82.1634097853575, 0, 0
BE0038,1246.65917206285, 532.603202385302, 586.8, 127.255969677552, 0, 0
BE0039,1111.99038718954, 406.50986471811, 586.8, 118.680522471429, 0, 0
BE0040,1004.7169506667, 299.236428195276, 586.8, 118.680522471429, 0, 0
BE0041,1004.7169506667, 299.236428195276, 586.8, 118.680522471429, 0, 0
BE0042,1049.07699219587, 370.752052543832, 586.8, 91.5249396520412, 0, 0
BE0043,932.442025806355, 263.478616020997, 586.8, 82.1634097853575, 0, 0
BE0044,867.383238832547, 180.482851974383, 586.8, 100.100386858164, 0, 0
BE0045,1084.80802222138, 370.752052543832, 586.8, 127.255969677552, 0, 0
BE0046,858.807791626424, 180.482851974383, 586.8, 91.5249396520412, 0, 0
BE0047,849.446261759741, 180.482851974383, 586.8, 82.1634097853575, 0, 0
BE0048,1395.84962273999, 626.702708107087, 586.8, 182.346914632901, 0, 0
BE0049,1031.87253348609, 299.236428195276, 586.8, 145.836105290817, 0, 0
BE0050,941.803555673039, 263.478616020997, 586.8, 91.5249396520412, 0, 0
BE0051,941.803555673039, 263.478616020997, 586.8, 91.5249396520412, 0, 0
BE0052,849.446261759741, 180.482851974383, 586.8, 82.1634097853575, 0, 0
BE0053,1013.29239787283, 299.236428195276, 586.8, 127.255969677552, 0, 0
BE0054,1393.96763262555, 624.820717992651, 586.8, 182.346914632901, 0, 0
BE0055,995.426882860072, 299.236428195276, 586.8, 109.390454664796, 0, 0
BE0056,995.426882860072, 299.236428195276, 586.8, 109.390454664796, 0, 0
BE0057,995.426882860072, 299.236428195276, 586.8, 109.390454664796, 0, 0
BE0058,913.1189572652, 180.482851974383, 586.8, 145.836105290817, 0, 0
BE0059,932.442025806355, 263.478616020997, 586.8, 82.1634097853575, 0, 0
BE0060,1395.84962273999, 626.702708107087, 586.8, 182.346914632901, 0, 0
BE0061,1031.87253348609, 299.236428195276, 586.8, 145.836105290817, 0, 0
BE0062,941.803555673039, 263.478616020997, 586.8, 91.5249396520412, 0, 0
BE0063,941.803555673039, 263.478616020997, 586.8, 91.5249396520412, 0, 0
BE0064,849.446261759741, 180.482851974383, 586.8, 82.1634097853575, 0, 0
BE0065,1013.29239787283, 299.236428195276, 586.8, 127.255969677552, 0, 0
BE0066,1393.96763262555, 624.820717992651, 586.8, 182.346914632901, 0, 0
BE0067,995.426882860072, 299.236428195276, 586.8, 109.390454664796, 0, 0
BE0068,995.426882860072, 299.236428195276, 586.8, 109.390454664796, 0, 0
BE0069,995.426882860072, 299.236428195276, 586.8, 109.390454664796, 0, 0
BE0070,913.1189572652, 180.482851974383, 586.8, 145.836105290817, 0, 0
BE0071,932.442025806355, 263.478616020997, 586.8, 82.1634097853575, 0, 0
BE0072,1395.84962273999, 626.702708107087, 586.8, 182.346914632901, 0, 0
BR0001,1029.94573465097, 443.145734650971, 586.8, 0, 0, 0
BR0002,1339.30231257589, 443.145734650971, 586.8, 167.619674847821, 141.736903077102, 0
BR0003,1339.30231257589, 443.145734650971, 586.8, 167.619674847821, 141.736903077102, 0
BR0010,643.316052307683, 56.5160523076829, 586.8, 0, 0, 0
BR0014,753.50743931026, 56.5160523076829, 586.8, 52.0036487012884, 58.1877383012884, 0
BR0015,1197.56540949879, 443.145734650971, 586.8, 167.619674847821, 0, 0
BR0022,828.77554164564, 88.0802051417752, 586.8, 73.8556234519324, 80.0397130519324, 0
BR0029,997.989544488986, 287.445881935765, 586.8, 123.743662553221, 0, 0
BR0032,1072.22182890906, 236.876699002621, 586.8, 120.651617753221, 127.893512153221, 0
BR0035,757.65728891026, 56.5160523076829, 586.8, 52.0036487012884, 62.3375879012884, 0
BR0041,798.392107536049, 211.592107536049, 586.8, 0, 0, 0
BR0042,912.708185685994, 127.620648507592, 586.8, 99.1437685892009, 99.1437685892009, 0
BR0043,933.144235190552, 236.876699002621, 586.8, 109.467536187931, 0, 0
BR0044,773.107516069477, 186.307516069477, 586.8, 0, 0, 0
BR0054,798.392107536049, 211.592107536049, 586.8, 0, 0, 0
BR0055,798.392107536049, 211.592107536049, 586.8, 0, 0, 0
BR0064,714.420648507592, 127.620648507592, 586.8, 0, 0, 0
BR0069,1028.89454037592, 186.307516069477, 586.8, 127.893512153221, 127.893512153221, 0
BR0071,1196.61139187046, 425.845751015948, 586.8, 88.8500908272545, 95.1155500272545, 0
BR0073,1022.45346471191, 211.592107536049, 586.8, 116.70943058793, 107.351926587931, 0
BR0084,1045.87943264249, 211.592107536049, 586.8, 119.593812953221, 127.893512153221, 0
BR0087,987.811369245338, 186.307516069477, 586.8, 107.351926587931, 107.351926587931, 0
BR0094,1037.57973344249, 211.592107536049, 586.8, 119.593812953221, 119.593812953221, 0
BR0101,996.111068445338, 186.307516069477, 586.8, 112.559580987931, 110.443971387931, 0
BR0104,1085.929106238, 271.975704262139, 586.8, 110.443971387931, 116.70943058793, 0
BR0122,731.215613693796, 64.375900641864, 586.8, 80.0397130519324, 0, 0
BR0131,1029.96933143015, 234.547855051753, 586.8, 102.235813389201, 106.385662989201, 0
CO0001,1108.77283043195, 313.351354053543, 586.8, 102.235813389201, 106.385662989201, 883.069537711233
CO0002,1238.37304062605, 313.351354053543, 586.8, 338.221686572509, 0, 0
CO0003,1238.37304062605, 313.351354053543, 586.8, 338.221686572509, 0, 0
CO0004,1238.37304062605, 313.351354053543, 586.8, 338.221686572509, 0, 0
CO0005,1238.37304062605, 313.351354053543, 586.8, 338.221686572509, 0, 0
CO0006,1238.37304062605, 313.351354053543, 586.8, 338.221686572509, 0, 0
CO0007,1238.37304062605, 313.351354053543, 586.8, 338.221686572509, 0, 0
CO0008,1238.37304062605, 313.351354053543, 586.8, 338.221686572509, 0, 0
CO0009,1238.37304062605, 313.351354053543, 586.8, 338.221686572509, 0, 0
CO0010,1238.37304062605, 313.351354053543, 586.8, 338.221686572509, 0, 0
CO0011,1238.37304062605, 313.351354053543, 586.8, 338.221686572509, 0, 0
CO0012,1238.37304062605, 313.351354053543, 586.8, 338.221686572509, 0, 0
CO0013,1238.37304062605, 313.351354053543, 586.8, 338.221686572509, 0, 714.337164577679
CO0014,1234.22319102605, 313.351354053543, 586.8, 334.071836972509, 0, 0
CO0015,1234.22319102605, 313.351354053543, 586.8, 334.071836972509, 0, 0
CO0016,1234.22319102605, 313.351354053543, 586.8, 334.071836972509, 0, 0
CO0017,1234.22319102605, 313.351354053543, 586.8, 334.071836972509, 0, 0
CO0018,1234.22319102605, 313.351354053543, 586.8, 334.071836972509, 0, 0
CO0019,1234.22319102605, 313.351354053543, 586.8, 334.071836972509, 0, 0
CO0020,1234.22319102605, 313.351354053543, 586.8, 334.071836972509, 0, 0
CO0021,1234.22319102605, 313.351354053543, 586.8, 334.071836972509, 0, 0
CO0022,1234.22319102605, 313.351354053543, 586.8, 334.071836972509, 0, 0
CO0023,1234.22319102605, 313.351354053543, 586.8, 334.071836972509, 0, 0
CO0024,1234.22319102605, 313.351354053543, 586.8, 334.071836972509, 0, 0
CO0025,1124.12676933156, 203.254932359055, 586.8, 334.071836972509, 0, 795.532276745612
CO0026,1128.27661893156, 203.254932359055, 586.8, 338.221686572509, 0, 0
CO0027,1128.27661893156, 203.254932359055, 586.8, 338.221686572509, 0, 0
CO0028,1128.27661893156, 203.254932359055, 586.8, 338.221686572509, 0, 0
CO0029,1128.27661893156, 203.254932359055, 586.8, 338.221686572509, 0, 0
CO0030,1128.27661893156, 203.254932359055, 586.8, 338.221686572509, 0, 0
CO0031,1128.27661893156, 203.254932359055, 586.8, 338.221686572509, 0, 0
CO0032,1128.27661893156, 203.254932359055, 586.8, 338.221686572509, 0, 0
CO0033,1128.27661893156, 203.254932359055, 586.8, 338.221686572509, 0, 0
CO0034,1128.27661893156, 203.254932359055, 586.8, 338.221686572509, 0, 0
CO0035,1128.27661893156, 203.254932359055, 586.8, 338.221686572509, 0, 0
CO0036,1128.27661893156, 203.254932359055, 586.8, 338.221686572509, 0, 0
CO0037,1238.37304062605, 313.351354053543, 586.8, 338.221686572509, 0, 883.119949033392
CO0038,1238.37304062605, 313.351354053543, 586.8, 338.221686572509, 0, 0
CO0039,1238.37304062605, 313.351354053543, 586.8, 338.221686572509, 0, 0
CO0040,1238.37304062605, 313.351354053543, 586.8, 338.221686572509, 0, 0
CO0041,1238.37304062605, 313.351354053543, 586.8, 338.221686572509, 0, 0
CO0042,1238.37304062605, 313.351354053543, 586.8, 338.221686572509, 0, 0
CO0043,1238.37304062605, 313.351354053543, 586.8, 338.221686572509, 0, 0
CO0044,1238.37304062605, 313.351354053543, 586.8, 338.221686572509, 0, 0
CO0045,1238.37304062605, 313.351354053543, 586.8, 338.221686572509, 0, 0
CO0046,1238.37304062605, 313.351354053543, 586.8, 338.221686572509, 0, 0
CO0047,1238.37304062605, 313.351354053543, 586.8, 338.221686572509, 0, 0
CO0048,1238.37304062605, 313.351354053543, 586.8, 338.221686572509, 0, 0
TotalCost: 157554.500295982RMB
